StarSharp/data/rtp_lookup/v3.14_i.ecsv
# %ECSV 1.0
# ---
# datatype:
# - {name: rtp, unit: deg, datatype: float64}
# - {name: Cam_dy, unit: um, datatype: float64}
# - {name: Cam_dz, unit: um, datatype: float64}
# - {name: Cam_rx, unit: deg, datatype: float64}
# - {name: Cam_dx, unit: um, datatype: float64}
# - {name: Cam_ry, unit: deg, datatype: float64}
# meta: !!omap
# - __serialized_columns__:
#     Cam_dx:
#       __class__: astropy.units.quantity.Quantity
#       unit: &id001 !astropy.units.Unit {unit: um}
#       value: !astropy.table.SerializedColumn {name: Cam_dx}
#     Cam_dy:
#       __class__: astropy.units.quantity.Quantity
#       unit: *id001
#       value: !astropy.table.SerializedColumn {name: Cam_dy}
#     Cam_dz:
#       __class__: astropy.units.quantity.Quantity
#       unit: *id001
#       value: !astropy.table.SerializedColumn {name: Cam_dz}
#     Cam_rx:
#       __class__: astropy.units.quantity.Quantity
#       unit: &id002 !astropy.units.Unit {unit: deg}
#       value: !astropy.table.SerializedColumn {name: Cam_rx}
#     Cam_ry:
#       __class__: astropy.units.quantity.Quantity
#       unit: *id002
#       value: !astropy.table.SerializedColumn {name: Cam_ry}
#     rtp:
#       __class__: astropy.units.quantity.Quantity
#       unit: *id002
#       value: !astropy.table.SerializedColumn {name: rtp}
# schema: astropy-2.0
rtp Cam_dy Cam_dz Cam_rx Cam_dx Cam_ry
-90.0 131.9331023683391 1.8542293815982562 0.01639143116262256 181.01064416640173 -0.00028705654034964827
-87.0 133.65910886725865 1.8542293815982562 0.015951754485229314 173.04914650938497 -0.0006864414640997808
-84.0 134.95996224004372 1.8542293815982562 0.0154917488016601 165.02592307502476 -0.0010622333296697861
-81.0 135.83209693802075 1.8542293815982562 0.015012674955518978 156.9629649610672 -0.001413402117677113
-78.0 136.27312250060388 1.8542293815982562 0.014515846054918203 148.8823721752533 -0.001738985298883273
-75.0 136.28183010738138 1.8542293815982562 0.014002623873340177 140.8062930607339 -0.00203809047241959
-72.0 135.85819589140831 1.8542293815982562 0.01347441511711096 132.75686358900052 -0.002309897811795948
-69.0 135.00338100462426 1.8542293815982562 0.012932667569716038 124.75614668672615 -0.002553662311988213
-66.0 133.71972843521644 1.8542293815982562 0.012378866123526412 116.82607176281697 -0.002768715831445218
-63.0 132.01075658565196 1.8542293815982562 0.011814528709811822 108.9883746014266 -0.0029544689234183223
-60.0 129.88114962898132 1.8542293815982562 0.011241202138196644 101.2645377856828 -0.003110412451593963
-57.0 127.33674466984559 1.8542293815982562 0.010660457856962239 93.67573181542022 -0.0032361189856009143
-54.0 124.38451574537834 1.8542293815982562 0.010073887645816421 86.2427570803119 -0.0033312439725672167
-51.0 121.03255470985462 1.8542293815982562 0.009483099252935957 78.98598684744705 -0.003395526681515652
-48.0 117.29004905548085 1.8542293815982562 0.008889711988240524 71.92531141962199 -0.0034287909180092304
-45.0 113.16725673011726 1.8542293815982562 0.008295352284976814 65.08008361740288 -0.00343094550708789
-42.0 108.67547802095595 1.8542293815982562 0.00770164924177804 58.469065734389694 -0.0034019845431727306
-39.0 103.82702458121896 1.8542293815982562 0.007110230157417809 52.110378111073494 -0.003341987406252791
-36.0 98.6351856847728 1.8542293815982562 0.006522716070497324 46.02144946824288 -0.003251118544310021
-33.0 93.11419180115227 1.8542293815982562 0.005940717316291226 40.218969136071564 -0.003129627022578786
-30.0 87.27917559083285 1.8542293815982562 0.005365829112930557 34.71884130982456 -0.0029778458408753804
-27.0 81.14613042766 1.8542293815982562 0.00479962718902074 29.536141457564494 -0.002796191020868673
-24.0 74.73186656212322 1.8542293815982562 0.004243663464679 24.685074999341296 -0.0025851604657936293
-21.0 68.05396504562793 1.8542293815982562 0.0036994617978291905 20.17893837112346 -0.002345332595733157
-18.0 61.130729542055626 1.8542293815982562 0.0031685138074131537 16.03008258019125 -0.00207736476220886
-15.0 53.981136158693396 1.8542293815982562 0.002652274784966878 12.249879351884118 -0.0017819914464262151
-12.0 46.62478143404289 1.8542293815982562 0.002152159705767555 8.848689960492221 -0.0014600222461126325
-9.0 39.08182862507041 1.8542293815982562 0.0016695393504846945 5.835836829723539 -0.0011123396564663675
-6.0 31.372952441121136 1.8542293815982562 0.0012057365479656017 3.2195779805887046 -0.0007398966512985193
-3.0 23.519282375977873 1.8542293815982562 0.000762022549453439 1.007084396739209 -0.000343714070998059
0.0 15.542344793387258 1.8542293815982562 0.0003396135441759481 -0.7955796307001322 7.512217552072334e-05
3.0 7.464003924793034 1.8542293815982562 -6.0332674144694317e-05 -2.1834731249317305 0.0005154640872190727
6.0 -0.6935980590025619 1.8542293815982562 -0.00043671988072399207 -3.1527919663592083 0.0009761047175248119
9.0 -8.908101737989917 1.8542293815982562 -0.0007885164243910671 -3.700879319414732 0.0014557814824890114
12.0 -17.156991728568073 1.8542293815982562 -0.0011147580552728045 -3.8262329147606686 0.001953179621440829
15.0 -25.417658396646157 1.8542293815982562 -0.0014145505677357353 -3.5285091669053656 0.002466935800655119
18.0 -33.667459829078894 1.8542293815982562 -0.0016870722513415196 -2.808524115947218 0.0029956418501554073
21.0 -41.88378389357663 1.8542293815982562 -0.0019315761430981463 -1.6682511908653221 0.0035378486234099193
24.0 -50.04411021698827 1.8542293815982562 -0.0021473920748335666 -0.11081580048794179 0.004092069969341499
27.0 -58.12607191207865 1.8542293815982562 -0.002333928510080075 1.8595132330358926 0.004656786805764397
30.0 -66.10751688361182 1.8542293815982562 -0.0024906741654346486 4.2373353747812175 0.005230451283082966
33.0 -73.96656854570426 1.8542293815982562 -0.00261719941195122 7.0161331795378565 0.005811491026839806
36.0 -81.68168578402613 1.8542293815982562 -0.0027131574527237464 10.188290155674874 0.0063983134474848566
39.0 -89.2317219984984 1.8542293815982562 -0.002778285273432432 13.745111641414617 0.006989310105552654
42.0 -96.59598306465384 1.8542293815982562 -0.0028124043632476972 17.676848636296263 0.007582861120283111
45.0 -103.75428405479354 1.8542293815982562 -0.0028154212041159427 21.972724522508557 0.008177339609602072
48.0 -110.68700456347102 1.8542293815982562 -0.00278732752708605 26.62096460285005 0.008771116149292015
51.0 -117.37514248565945 1.8542293815982562 -0.0027282003349739887 31.608828374355745 0.009362563239130546
54.0 -123.80036610020089 1.8542293815982562 -0.0026382016913034582 36.92264444913008 0.009950059763755398
57.0 -129.9450643157797 1.8542293815982562 -0.00251757827610103 42.547848026670955 0.01053199543602896
60.0 -135.79239494169963 1.8542293815982562 -0.0023666607097633436 48.469020814975394 0.011106775210723382
63.0 -141.32633085115816 1.8542293815982562 -0.0021858626468495785 54.66993329100639 0.011672823656428685
66.0 -146.53170391048647 1.8542293815982562 -0.0019756796422830602 61.13358918468726 0.012228589273700727
69.0 -151.39424655395013 1.8542293815982562 -0.0017366877930696692 67.8422720644966 0.012772548747613363
72.0 -155.90063089015447 1.8542293815982562 -0.0014695421592559742 74.77759389697573 0.01330321112305876
75.0 -160.03850523286903 1.8542293815982562 -0.0011749749684551965 81.9205454470501 0.01381912189135171
78.0 -163.7965279561404 1.8542293815982562 -0.0008537936088622061 89.25154838102144 0.014318866976936835
81.0 -167.1643985809012 1.8542293815982562 -0.0005068784162586044 96.75050892941954 0.01480107661327141
84.0 -170.13288600786663 1.8542293815982562 -0.00013518026107353678 104.39687296262755 0.015264429097260217
87.0 -172.6938538193365 1.8542293815982562 0.0002602820578860522 112.1696823283227 0.01570765441195188
90.0 -174.84028258055028 1.8542293815982562 0.0006784246058921471 120.04763229631497 0.016129537707567046
