StarSharp/data/rtp_lookup/v3.14_u.ecsv
# %ECSV 1.0
# ---
# datatype:
# - {name: rtp, unit: deg, datatype: float64}
# - {name: Cam_dx, unit: um, datatype: float64}
# - {name: Cam_ry, unit: deg, datatype: float64}
# - {name: Cam_rx, unit: deg, datatype: float64}
# - {name: Cam_dz, unit: um, datatype: float64}
# - {name: Cam_dy, unit: um, datatype: float64}
# meta: !!omap
# - __serialized_columns__:
#     Cam_dx:
#       __class__: astropy.units.quantity.Quantity
#       unit: &id001 !astropy.units.Unit {unit: um}
#       value: !astropy.table.SerializedColumn {name: Cam_dx}
#     Cam_dy:
#       __class__: astropy.units.quantity.Quantity
#       unit: *id001
#       value: !astropy.table.SerializedColumn {name: Cam_dy}
#     Cam_dz:
#       __class__: astropy.units.quantity.Quantity
#       unit: *id001
#       value: !astropy.table.SerializedColumn {name: Cam_dz}
#     Cam_rx:
#       __class__: astropy.units.quantity.Quantity
#       unit: &id002 !astropy.units.Unit {unit: deg}
#       value: !astropy.table.SerializedColumn {name: Cam_rx}
#     Cam_ry:
#       __class__: astropy.units.quantity.Quantity
#       unit: *id002
#       value: !astropy.table.SerializedColumn {name: Cam_ry}
#     rtp:
#       __class__: astropy.units.quantity.Quantity
#       unit: *id002
#       value: !astropy.table.SerializedColumn {name: rtp}
# schema: astropy-2.0
rtp Cam_dx Cam_ry Cam_rx Cam_dz Cam_dy
-90.0 181.01064416640173 -0.00028705654034964827 0.01639143116262256 4.871061933261495 131.9331023683391
-87.0 173.04914650938497 -0.0006864414640997808 0.015951754485229314 4.871061933261495 133.65910886725865
-84.0 165.02592307502476 -0.0010622333296697861 0.0154917488016601 4.871061933261495 134.95996224004372
-81.0 156.9629649610672 -0.001413402117677113 0.015012674955518978 4.871061933261495 135.83209693802075
-78.0 148.8823721752533 -0.001738985298883273 0.014515846054918203 4.871061933261495 136.27312250060388
-75.0 140.8062930607339 -0.00203809047241959 0.014002623873340177 4.871061933261495 136.28183010738138
-72.0 132.75686358900052 -0.002309897811795948 0.01347441511711096 4.871061933261495 135.85819589140831
-69.0 124.75614668672615 -0.002553662311988213 0.012932667569716038 4.871061933261495 135.00338100462426
-66.0 116.82607176281697 -0.002768715831445218 0.012378866123526412 4.871061933261495 133.71972843521644
-63.0 108.9883746014266 -0.0029544689234183223 0.011814528709811822 4.871061933261495 132.01075658565196
-60.0 101.2645377856828 -0.003110412451593963 0.011241202138196644 4.871061933261495 129.88114962898132
-57.0 93.67573181542022 -0.0032361189856009143 0.010660457856962239 4.871061933261495 127.33674466984559
-54.0 86.2427570803119 -0.0033312439725672167 0.010073887645816421 4.871061933261495 124.38451574537834
-51.0 78.98598684744705 -0.003395526681515652 0.009483099252935957 4.871061933261495 121.03255470985462
-48.0 71.92531141962199 -0.0034287909180092304 0.008889711988240524 4.871061933261495 117.29004905548085
-45.0 65.08008361740288 -0.00343094550708789 0.008295352284976814 4.871061933261495 113.16725673011726
-42.0 58.469065734389694 -0.0034019845431727306 0.00770164924177804 4.871061933261495 108.67547802095595
-39.0 52.110378111073494 -0.003341987406252791 0.007110230157417809 4.871061933261495 103.82702458121896
-36.0 46.02144946824288 -0.003251118544310021 0.006522716070497324 4.871061933261495 98.6351856847728
-33.0 40.218969136071564 -0.003129627022578786 0.005940717316291226 4.871061933261495 93.11419180115227
-30.0 34.71884130982456 -0.0029778458408753804 0.005365829112930557 4.871061933261495 87.27917559083285
-27.0 29.536141457564494 -0.002796191020868673 0.00479962718902074 4.871061933261495 81.14613042766
-24.0 24.685074999341296 -0.0025851604657936293 0.004243663464679 4.871061933261495 74.73186656212322
-21.0 20.17893837112346 -0.002345332595733157 0.0036994617978291905 4.871061933261495 68.05396504562793
-18.0 16.03008258019125 -0.00207736476220886 0.0031685138074131537 4.871061933261495 61.130729542055626
-15.0 12.249879351884118 -0.0017819914464262151 0.002652274784966878 4.871061933261495 53.981136158693396
-12.0 8.848689960492221 -0.0014600222461126325 0.002152159705767555 4.871061933261495 46.62478143404289
-9.0 5.835836829723539 -0.0011123396564663675 0.0016695393504846945 4.871061933261495 39.08182862507041
-6.0 3.2195779805887046 -0.0007398966512985193 0.0012057365479656017 4.871061933261495 31.372952441121136
-3.0 1.007084396739209 -0.000343714070998059 0.000762022549453439 4.871061933261495 23.519282375977873
0.0 -0.7955796307001322 7.512217552072334e-05 0.0003396135441759481 4.871061933261495 15.542344793387258
3.0 -2.1834731249317305 0.0005154640872190727 -6.0332674144694317e-05 4.871061933261495 7.464003924793034
6.0 -3.1527919663592083 0.0009761047175248119 -0.00043671988072399207 4.871061933261495 -0.6935980590025619
9.0 -3.700879319414732 0.0014557814824890114 -0.0007885164243910671 4.871061933261495 -8.908101737989917
12.0 -3.8262329147606686 0.001953179621440829 -0.0011147580552728045 4.871061933261495 -17.156991728568073
15.0 -3.5285091669053656 0.002466935800655119 -0.0014145505677357353 4.871061933261495 -25.417658396646157
18.0 -2.808524115947218 0.0029956418501554073 -0.0016870722513415196 4.871061933261495 -33.667459829078894
21.0 -1.6682511908653221 0.0035378486234099193 -0.0019315761430981463 4.871061933261495 -41.88378389357663
24.0 -0.11081580048794179 0.004092069969341499 -0.0021473920748335666 4.871061933261495 -50.04411021698827
27.0 1.8595132330358926 0.004656786805764397 -0.002333928510080075 4.871061933261495 -58.12607191207865
30.0 4.2373353747812175 0.005230451283082966 -0.0024906741654346486 4.871061933261495 -66.10751688361182
33.0 7.0161331795378565 0.005811491026839806 -0.00261719941195122 4.871061933261495 -73.96656854570426
36.0 10.188290155674874 0.0063983134474848566 -0.0027131574527237464 4.871061933261495 -81.68168578402613
39.0 13.745111641414617 0.006989310105552654 -0.002778285273432432 4.871061933261495 -89.2317219984984
42.0 17.676848636296263 0.007582861120283111 -0.0028124043632476972 4.871061933261495 -96.59598306465384
45.0 21.972724522508557 0.008177339609602072 -0.0028154212041159427 4.871061933261495 -103.75428405479354
48.0 26.62096460285005 0.008771116149292015 -0.00278732752708605 4.871061933261495 -110.68700456347102
51.0 31.608828374355745 0.009362563239130546 -0.0027282003349739887 4.871061933261495 -117.37514248565945
54.0 36.92264444913008 0.009950059763755398 -0.0026382016913034582 4.871061933261495 -123.80036610020089
57.0 42.547848026670955 0.01053199543602896 -0.00251757827610103 4.871061933261495 -129.9450643157797
60.0 48.469020814975394 0.011106775210723382 -0.0023666607097633436 4.871061933261495 -135.79239494169963
63.0 54.66993329100639 0.011672823656428685 -0.0021858626468495785 4.871061933261495 -141.32633085115816
66.0 61.13358918468726 0.012228589273700727 -0.0019756796422830602 4.871061933261495 -146.53170391048647
69.0 67.8422720644966 0.012772548747613363 -0.0017366877930696692 4.871061933261495 -151.39424655395013
72.0 74.77759389697573 0.01330321112305876 -0.0014695421592559742 4.871061933261495 -155.90063089015447
75.0 81.9205454470501 0.01381912189135171 -0.0011749749684551965 4.871061933261495 -160.03850523286903
78.0 89.25154838102144 0.014318866976936835 -0.0008537936088622061 4.871061933261495 -163.7965279561404
81.0 96.75050892941954 0.01480107661327141 -0.0005068784162586044 4.871061933261495 -167.1643985809012
84.0 104.39687296262755 0.015264429097260217 -0.00013518026107353678 4.871061933261495 -170.13288600786663
87.0 112.1696823283227 0.01570765441195188 0.0002602820578860522 4.871061933261495 -172.6938538193365
90.0 120.04763229631497 0.016129537707567046 0.0006784246058921471 4.871061933261495 -174.84028258055028
