StarSharp/data/rtp_lookup/v3.12_u.ecsv
# %ECSV 1.0
# ---
# datatype:
# - {name: rtp, unit: deg, datatype: float64}
# - {name: Cam_ry, unit: deg, datatype: float64}
# - {name: Cam_rx, unit: deg, datatype: float64}
# - {name: Cam_dz, unit: um, datatype: float64}
# meta: !!omap
# - __serialized_columns__:
#     Cam_dz:
#       __class__: astropy.units.quantity.Quantity
#       unit: !astropy.units.Unit {unit: um}
#       value: !astropy.table.SerializedColumn {name: Cam_dz}
#     Cam_rx:
#       __class__: astropy.units.quantity.Quantity
#       unit: &id001 !astropy.units.Unit {unit: deg}
#       value: !astropy.table.SerializedColumn {name: Cam_rx}
#     Cam_ry:
#       __class__: astropy.units.quantity.Quantity
#       unit: *id001
#       value: !astropy.table.SerializedColumn {name: Cam_ry}
#     rtp:
#       __class__: astropy.units.quantity.Quantity
#       unit: *id001
#       value: !astropy.table.SerializedColumn {name: rtp}
# schema: astropy-2.0
rtp Cam_ry Cam_rx Cam_dz
-90.0 -0.0025780873461191327 0.005433736454446258 4.1965163777070575
-87.0 -0.0026378708998608786 0.0052301031642326724 4.1965163777070575
-84.0 -0.0026868820086618857 0.005023601601053818 4.1965163777070575
-81.0 -0.002724986336479652 0.004814797771340618 4.1965163777070575
-78.0 -0.002752079442000227 0.004604263991876543 4.1965163777070575
-75.0 -0.0027680870649045984 0.004392577321117079 4.1965163777070575
-72.0 -0.002772965329411061 0.004180317977512616 4.1965163777070575
-69.0 -0.002766700864535687 0.003968067749170011 4.1965163777070575
-66.0 -0.002749310840741262 0.003756408399211816 4.1965163777070575
-63.0 -0.002720842922874241 0.003545920071204007 4.1965163777070575
-60.0 -0.0026813751395187153 0.0033371796990227876 4.1965163777070575
-57.0 -0.002631015669125493 0.003130759425518942 4.1965163777070575
-54.0 -0.0025699025435024763 0.002927225034314048 4.1965163777070575
-51.0 -0.002498203269479077 0.002727134399026895 4.1965163777070575
-48.0 -0.002416114369781638 0.002531035954180674 4.1965163777070575
-45.0 -0.0023238608443783 0.002339467191982075 4.1965163777070575
-42.0 -0.0022216955537697307 0.002152953189092503 4.1965163777070575
-39.0 -0.0021098985259160644 0.001972005167429448 4.1965163777070575
-36.0 -0.001988776188699733 0.001797119092942745 4.1965163777070575
-33.0 -0.001858660530027936 0.001628774316206382 4.1965163777070575
-30.0 -0.0017199081878768638 0.00146743225855189 4.1965163777070575
-27.0 -0.0015728994727717957 0.001313535147344552 4.1965163777070575
-24.0 -0.0014180373253823838 0.001167504803868929 4.1965163777070575
-21.0 -0.001255746212090287 0.0010297414871460438 4.1965163777070575
-18.0 -0.001086470961556322 0.0009006227968512224 4.1965163777070575
-15.0 -0.0009106755454760237 0.0007805026383396343 4.1965163777070575
-12.0 -0.0007288418068654791 0.0006697102526163085 4.1965163777070575
-9.0 -0.0005414681393631108 0.0005685493139094284 4.1965163777070575
-6.0 -0.00034906812116735936 0.0004772970973203801 4.1965163777070575
-3.0 -0.00015216910735453803 0.000396203718831969 4.1965163777070575
0.0 4.8689215564774995e-05 0.00032549144975790086 4.1965163777070575
3.0 0.0002529563088889488 0.0002653541075125584 4.1965163777070575
6.0 0.0004600722907136133 0.00021595652437093996 4.1965163777070575
9.0 0.0006694694705290424 0.00017743409567485302 4.1965163777070575
12.0 0.0008805739052203813 0.00014989240872369244 4.1965163777070575
15.0 0.001092806972205831 0.00013340695336699332 4.1965163777070575
18.0 0.0013055869554009238 0.0001280229150919968 4.1965163777070575
21.0 0.0015183306396618769 0.00013375505117337524 4.1965163777070575
24.0 0.0017304549093377635 0.00015058765022456534 4.1965163777070575
27.0 0.0019413783465499791 0.00017847457526158777 4.1965163777070575
30.0 0.0021505228248182334 0.0002173393901613122 4.1965163777070575
33.0 0.0023573150936650475 0.0002670755691675591 4.1965163777070575
36.0 0.002561188349855467 0.00032754678887079124 4.1965163777070575
39.0 0.002761583790965329 0.0003985873018611051 4.1965163777070575
42.0 0.00295795214701987 0.0004800023910303595 4.1965163777070575
45.0 0.0031497551860045388 0.0005715689032782359 4.1965163777070575
48.0 0.0033364671891215466 0.000673035861159372 4.1965163777070575
51.0 0.003517576391748541 0.0007841251507950982 4.1965163777070575
54.0 0.003692586386149867 0.000904532284164244 4.1965163777070575
57.0 0.0038610174820956668 0.0010339272336836426 4.1965163777070575
60.0 0.0040224080216594545 0.0011719553367907933 4.1965163777070575
63.0 0.004176315644590406 0.0013182382680492959 4.1965163777070575
66.0 0.004322318500792054 0.0014723750761125724 4.1965163777070575
69.0 0.004460016406584084 0.001633943282703639 4.1965163777070575
72.0 0.004589031941577984 0.0018025000405986994 4.1965163777070575
75.0 0.004709011483160096 0.0019775833474405986 4.1965163777070575
78.0 0.004819626175746618 0.002158713312055174 4.1965163777070575
81.0 0.004920572832153906 0.0023453934697996075 4.1965163777070575
84.0 0.0050115747646134615 0.0025371121433375005 4.1965163777070575
87.0 0.00509238254315388 0.002733343845110886 4.1965163777070575
90.0 0.0051627746792710615 0.0029335507176651023 4.1965163777070575
