StarSharp/data/rtp_lookup/v3.12_y.ecsv
# %ECSV 1.0
# ---
# datatype:
# - {name: rtp, unit: deg, datatype: float64}
# - {name: Cam_dz, unit: um, datatype: float64}
# - {name: Cam_rx, unit: deg, datatype: float64}
# - {name: Cam_ry, unit: deg, datatype: float64}
# meta: !!omap
# - __serialized_columns__:
#     Cam_dz:
#       __class__: astropy.units.quantity.Quantity
#       unit: !astropy.units.Unit {unit: um}
#       value: !astropy.table.SerializedColumn {name: Cam_dz}
#     Cam_rx:
#       __class__: astropy.units.quantity.Quantity
#       unit: &id001 !astropy.units.Unit {unit: deg}
#       value: !astropy.table.SerializedColumn {name: Cam_rx}
#     Cam_ry:
#       __class__: astropy.units.quantity.Quantity
#       unit: *id001
#       value: !astropy.table.SerializedColumn {name: Cam_ry}
#     rtp:
#       __class__: astropy.units.quantity.Quantity
#       unit: *id001
#       value: !astropy.table.SerializedColumn {name: rtp}
# schema: astropy-2.0
rtp Cam_dz Cam_rx Cam_ry
-90.0 1.5161564836344978 0.005433736454446258 -0.0025780873461191327
-87.0 1.5161564836344978 0.0052301031642326724 -0.0026378708998608786
-84.0 1.5161564836344978 0.005023601601053818 -0.0026868820086618857
-81.0 1.5161564836344978 0.004814797771340618 -0.002724986336479652
-78.0 1.5161564836344978 0.004604263991876543 -0.002752079442000227
-75.0 1.5161564836344978 0.004392577321117079 -0.0027680870649045984
-72.0 1.5161564836344978 0.004180317977512616 -0.002772965329411061
-69.0 1.5161564836344978 0.003968067749170011 -0.002766700864535687
-66.0 1.5161564836344978 0.003756408399211816 -0.002749310840741262
-63.0 1.5161564836344978 0.003545920071204007 -0.002720842922874241
-60.0 1.5161564836344978 0.0033371796990227876 -0.0026813751395187153
-57.0 1.5161564836344978 0.003130759425518942 -0.002631015669125493
-54.0 1.5161564836344978 0.002927225034314048 -0.0025699025435024763
-51.0 1.5161564836344978 0.002727134399026895 -0.002498203269479077
-48.0 1.5161564836344978 0.002531035954180674 -0.002416114369781638
-45.0 1.5161564836344978 0.002339467191982075 -0.0023238608443783
-42.0 1.5161564836344978 0.002152953189092503 -0.0022216955537697307
-39.0 1.5161564836344978 0.001972005167429448 -0.0021098985259160644
-36.0 1.5161564836344978 0.001797119092942745 -0.001988776188699733
-33.0 1.5161564836344978 0.001628774316206382 -0.001858660530027936
-30.0 1.5161564836344978 0.00146743225855189 -0.0017199081878768638
-27.0 1.5161564836344978 0.001313535147344552 -0.0015728994727717957
-24.0 1.5161564836344978 0.001167504803868929 -0.0014180373253823838
-21.0 1.5161564836344978 0.0010297414871460438 -0.001255746212090287
-18.0 1.5161564836344978 0.0009006227968512224 -0.001086470961556322
-15.0 1.5161564836344978 0.0007805026383396343 -0.0009106755454760237
-12.0 1.5161564836344978 0.0006697102526163085 -0.0007288418068654791
-9.0 1.5161564836344978 0.0005685493139094284 -0.0005414681393631108
-6.0 1.5161564836344978 0.0004772970973203801 -0.00034906812116735936
-3.0 1.5161564836344978 0.000396203718831969 -0.00015216910735453803
0.0 1.5161564836344978 0.00032549144975790086 4.8689215564774995e-05
3.0 1.5161564836344978 0.0002653541075125584 0.0002529563088889488
6.0 1.5161564836344978 0.00021595652437093996 0.0004600722907136133
9.0 1.5161564836344978 0.00017743409567485302 0.0006694694705290424
12.0 1.5161564836344978 0.00014989240872369244 0.0008805739052203813
15.0 1.5161564836344978 0.00013340695336699332 0.001092806972205831
18.0 1.5161564836344978 0.0001280229150919968 0.0013055869554009238
21.0 1.5161564836344978 0.00013375505117337524 0.0015183306396618769
24.0 1.5161564836344978 0.00015058765022456534 0.0017304549093377635
27.0 1.5161564836344978 0.00017847457526158777 0.0019413783465499791
30.0 1.5161564836344978 0.0002173393901613122 0.0021505228248182334
33.0 1.5161564836344978 0.0002670755691675591 0.0023573150936650475
36.0 1.5161564836344978 0.00032754678887079124 0.002561188349855467
39.0 1.5161564836344978 0.0003985873018611051 0.002761583790965329
42.0 1.5161564836344978 0.0004800023910303595 0.00295795214701987
45.0 1.5161564836344978 0.0005715689032782359 0.0031497551860045388
48.0 1.5161564836344978 0.000673035861159372 0.0033364671891215466
51.0 1.5161564836344978 0.0007841251507950982 0.003517576391748541
54.0 1.5161564836344978 0.000904532284164244 0.003692586386149867
57.0 1.5161564836344978 0.0010339272336836426 0.0038610174820956668
60.0 1.5161564836344978 0.0011719553367907933 0.0040224080216594545
63.0 1.5161564836344978 0.0013182382680492959 0.004176315644590406
66.0 1.5161564836344978 0.0014723750761125724 0.004322318500792054
69.0 1.5161564836344978 0.001633943282703639 0.004460016406584084
72.0 1.5161564836344978 0.0018025000405986994 0.004589031941577984
75.0 1.5161564836344978 0.0019775833474405986 0.004709011483160096
78.0 1.5161564836344978 0.002158713312055174 0.004819626175746618
81.0 1.5161564836344978 0.0023453934697996075 0.004920572832153906
84.0 1.5161564836344978 0.0025371121433375005 0.0050115747646134615
87.0 1.5161564836344978 0.002733343845110886 0.00509238254315388
90.0 1.5161564836344978 0.0029335507176651023 0.0051627746792710615
