StarSharp/data/rtp_lookup/v3.14_r.ecsv
# %ECSV 1.0
# ---
# datatype:
# - {name: rtp, unit: deg, datatype: float64}
# - {name: Cam_dz, unit: um, datatype: float64}
# - {name: Cam_dx, unit: um, datatype: float64}
# - {name: Cam_dy, unit: um, datatype: float64}
# - {name: Cam_ry, unit: deg, datatype: float64}
# - {name: Cam_rx, unit: deg, datatype: float64}
# meta: !!omap
# - __serialized_columns__:
#     Cam_dx:
#       __class__: astropy.units.quantity.Quantity
#       unit: &id001 !astropy.units.Unit {unit: um}
#       value: !astropy.table.SerializedColumn {name: Cam_dx}
#     Cam_dy:
#       __class__: astropy.units.quantity.Quantity
#       unit: *id001
#       value: !astropy.table.SerializedColumn {name: Cam_dy}
#     Cam_dz:
#       __class__: astropy.units.quantity.Quantity
#       unit: *id001
#       value: !astropy.table.SerializedColumn {name: Cam_dz}
#     Cam_rx:
#       __class__: astropy.units.quantity.Quantity
#       unit: &id002 !astropy.units.Unit {unit: deg}
#       value: !astropy.table.SerializedColumn {name: Cam_rx}
#     Cam_ry:
#       __class__: astropy.units.quantity.Quantity
#       unit: *id002
#       value: !astropy.table.SerializedColumn {name: Cam_ry}
#     rtp:
#       __class__: astropy.units.quantity.Quantity
#       unit: *id002
#       value: !astropy.table.SerializedColumn {name: rtp}
# schema: astropy-2.0
rtp Cam_dz Cam_dx Cam_dy Cam_ry Cam_rx
-90.0 2.1535005459555783 181.01064416640173 131.9331023683391 -0.00028705654034964827 0.01639143116262256
-87.0 2.1535005459555783 173.04914650938497 133.65910886725865 -0.0006864414640997808 0.015951754485229314
-84.0 2.1535005459555783 165.02592307502476 134.95996224004372 -0.0010622333296697861 0.0154917488016601
-81.0 2.1535005459555783 156.9629649610672 135.83209693802075 -0.001413402117677113 0.015012674955518978
-78.0 2.1535005459555783 148.8823721752533 136.27312250060388 -0.001738985298883273 0.014515846054918203
-75.0 2.1535005459555783 140.8062930607339 136.28183010738138 -0.00203809047241959 0.014002623873340177
-72.0 2.1535005459555783 132.75686358900052 135.85819589140831 -0.002309897811795948 0.01347441511711096
-69.0 2.1535005459555783 124.75614668672615 135.00338100462426 -0.002553662311988213 0.012932667569716038
-66.0 2.1535005459555783 116.82607176281697 133.71972843521644 -0.002768715831445218 0.012378866123526412
-63.0 2.1535005459555783 108.9883746014266 132.01075658565196 -0.0029544689234183223 0.011814528709811822
-60.0 2.1535005459555783 101.2645377856828 129.88114962898132 -0.003110412451593963 0.011241202138196644
-57.0 2.1535005459555783 93.67573181542022 127.33674466984559 -0.0032361189856009143 0.010660457856962239
-54.0 2.1535005459555783 86.2427570803119 124.38451574537834 -0.0033312439725672167 0.010073887645816421
-51.0 2.1535005459555783 78.98598684744705 121.03255470985462 -0.003395526681515652 0.009483099252935957
-48.0 2.1535005459555783 71.92531141962199 117.29004905548085 -0.0034287909180092304 0.008889711988240524
-45.0 2.1535005459555783 65.08008361740288 113.16725673011726 -0.00343094550708789 0.008295352284976814
-42.0 2.1535005459555783 58.469065734389694 108.67547802095595 -0.0034019845431727306 0.00770164924177804
-39.0 2.1535005459555783 52.110378111073494 103.82702458121896 -0.003341987406252791 0.007110230157417809
-36.0 2.1535005459555783 46.02144946824288 98.6351856847728 -0.003251118544310021 0.006522716070497324
-33.0 2.1535005459555783 40.218969136071564 93.11419180115227 -0.003129627022578786 0.005940717316291226
-30.0 2.1535005459555783 34.71884130982456 87.27917559083285 -0.0029778458408753804 0.005365829112930557
-27.0 2.1535005459555783 29.536141457564494 81.14613042766 -0.002796191020868673 0.00479962718902074
-24.0 2.1535005459555783 24.685074999341296 74.73186656212322 -0.0025851604657936293 0.004243663464679
-21.0 2.1535005459555783 20.17893837112346 68.05396504562793 -0.002345332595733157 0.0036994617978291905
-18.0 2.1535005459555783 16.03008258019125 61.130729542055626 -0.00207736476220886 0.0031685138074131537
-15.0 2.1535005459555783 12.249879351884118 53.981136158693396 -0.0017819914464262151 0.002652274784966878
-12.0 2.1535005459555783 8.848689960492221 46.62478143404289 -0.0014600222461126325 0.002152159705767555
-9.0 2.1535005459555783 5.835836829723539 39.08182862507041 -0.0011123396564663675 0.0016695393504846945
-6.0 2.1535005459555783 3.2195779805887046 31.372952441121136 -0.0007398966512985193 0.0012057365479656017
-3.0 2.1535005459555783 1.007084396739209 23.519282375977873 -0.000343714070998059 0.000762022549453439
0.0 2.1535005459555783 -0.7955796307001322 15.542344793387258 7.512217552072334e-05 0.0003396135441759481
3.0 2.1535005459555783 -2.1834731249317305 7.464003924793034 0.0005154640872190727 -6.0332674144694317e-05
6.0 2.1535005459555783 -3.1527919663592083 -0.6935980590025619 0.0009761047175248119 -0.00043671988072399207
9.0 2.1535005459555783 -3.700879319414732 -8.908101737989917 0.0014557814824890114 -0.0007885164243910671
12.0 2.1535005459555783 -3.8262329147606686 -17.156991728568073 0.001953179621440829 -0.0011147580552728045
15.0 2.1535005459555783 -3.5285091669053656 -25.417658396646157 0.002466935800655119 -0.0014145505677357353
18.0 2.1535005459555783 -2.808524115947218 -33.667459829078894 0.0029956418501554073 -0.0016870722513415196
21.0 2.1535005459555783 -1.6682511908653221 -41.88378389357663 0.0035378486234099193 -0.0019315761430981463
24.0 2.1535005459555783 -0.11081580048794179 -50.04411021698827 0.004092069969341499 -0.0021473920748335666
27.0 2.1535005459555783 1.8595132330358926 -58.12607191207865 0.004656786805764397 -0.002333928510080075
30.0 2.1535005459555783 4.2373353747812175 -66.10751688361182 0.005230451283082966 -0.0024906741654346486
33.0 2.1535005459555783 7.0161331795378565 -73.96656854570426 0.005811491026839806 -0.00261719941195122
36.0 2.1535005459555783 10.188290155674874 -81.68168578402613 0.0063983134474848566 -0.0027131574527237464
39.0 2.1535005459555783 13.745111641414617 -89.2317219984984 0.006989310105552654 -0.002778285273432432
42.0 2.1535005459555783 17.676848636296263 -96.59598306465384 0.007582861120283111 -0.0028124043632476972
45.0 2.1535005459555783 21.972724522508557 -103.75428405479354 0.008177339609602072 -0.0028154212041159427
48.0 2.1535005459555783 26.62096460285005 -110.68700456347102 0.008771116149292015 -0.00278732752708605
51.0 2.1535005459555783 31.608828374355745 -117.37514248565945 0.009362563239130546 -0.0027282003349739887
54.0 2.1535005459555783 36.92264444913008 -123.80036610020089 0.009950059763755398 -0.0026382016913034582
57.0 2.1535005459555783 42.547848026670955 -129.9450643157797 0.01053199543602896 -0.00251757827610103
60.0 2.1535005459555783 48.469020814975394 -135.79239494169963 0.011106775210723382 -0.0023666607097633436
63.0 2.1535005459555783 54.66993329100639 -141.32633085115816 0.011672823656428685 -0.0021858626468495785
66.0 2.1535005459555783 61.13358918468726 -146.53170391048647 0.012228589273700727 -0.0019756796422830602
69.0 2.1535005459555783 67.8422720644966 -151.39424655395013 0.012772548747613363 -0.0017366877930696692
72.0 2.1535005459555783 74.77759389697573 -155.90063089015447 0.01330321112305876 -0.0014695421592559742
75.0 2.1535005459555783 81.9205454470501 -160.03850523286903 0.01381912189135171 -0.0011749749684551965
78.0 2.1535005459555783 89.25154838102144 -163.7965279561404 0.014318866976936835 -0.0008537936088622061
81.0 2.1535005459555783 96.75050892941954 -167.1643985809012 0.01480107661327141 -0.0005068784162586044
84.0 2.1535005459555783 104.39687296262755 -170.13288600786663 0.015264429097260217 -0.00013518026107353678
87.0 2.1535005459555783 112.1696823283227 -172.6938538193365 0.01570765441195188 0.0002602820578860522
90.0 2.1535005459555783 120.04763229631497 -174.84028258055028 0.016129537707567046 0.0006784246058921471
